3.000000000000000000e+00
1.300000000000000000e+01
1.400000000000000000e+01
1.600000000000000000e+01
1.700000000000000000e+01
2.300000000000000000e+01
2.800000000000000000e+01
2.900000000000000000e+01
3.000000000000000000e+01
5.700000000000000000e+01
7.700000000000000000e+01
8.000000000000000000e+01
8.400000000000000000e+01
8.500000000000000000e+01
9.200000000000000000e+01
9.300000000000000000e+01
1.260000000000000000e+02
1.320000000000000000e+02
1.460000000000000000e+02
1.470000000000000000e+02
1.480000000000000000e+02
1.490000000000000000e+02
1.510000000000000000e+02
1.560000000000000000e+02
1.830000000000000000e+02
1.890000000000000000e+02
1.930000000000000000e+02
1.950000000000000000e+02
1.990000000000000000e+02
2.000000000000000000e+02
2.020000000000000000e+02
2.030000000000000000e+02
2.060000000000000000e+02
2.070000000000000000e+02
2.100000000000000000e+02
2.120000000000000000e+02
2.130000000000000000e+02
